image: racecar_runway.pgm
resolution: 0.050000
origin: [-51.0000, -51.000000, 0.000000]
negate: 0
occupied_thresh: 0.65
free_thresh: 0.196

